65
9966606336937688 9740005473217677 583445907010364
2 3 5
7 7 6977204123379581
10 13 11234567890
10 13 8839845532190096
25878 28689 9188723367817961
48878 70096 1422160026469748
1 1000000000000 1
1000000000000 1 1
8272 10247 5338458442301888
6 9 2903294259185990
9 15 5802491041437611
9 10 9259928947805118
9334 14595 5458585253152592
6 6 3465509398779757
314 512 1024
80006 121046 2203488461171151
4 6 2271224666368145
10 10 4042027009034951
5 8 550103143310362
2 3 1
1 1000000000000 1000000000000
2 2 5384712727499747
650920191250544 3690753017565881 4021727189586015
3865717696012301 6136029900710052 3321279115901350
13988 25555 2154753727553324
5 9 9152845331581750
725831654114702 4541733210835335 2742887072719959
4 4 4198590241362000
1 1 1000000000000
1 1 3771679948420674
259149987802241 6689368820300403 3534721002568495
64922 110795 4504704366599950
10 13 3337041873753082
60280 106158 382504020903546
9545048558841825 6899255672076999 9272818149758853
6 9 497087563
1000000000000 1 1000000000000
5089 7407 1785197717173513
8025714536856354 9903000027803061 904922510325972
5 7 4495587747091262
314 512 133769420
10 17 370045965243845
49127 75508 3693288613316216
2 3 2
37177 52260 3627623246300954
3 5 840843200459482
74036 112850 549053549625598
13973 26419 3513626523439425
9 17 7379218941168776
4175966084693454 5040165207533386 1846283425419327
4930 6317 3001060110844245
26597 37816 4245730305851899
2407 4810 850600912749360
1 3 100
4 7 6988873275022466
2 2 9825445613196928
10 13 8689503031950123
7861 11257 5477539912208008
59617 76399 8216425361382011
7 12 6439637337963783
4 4 1760792368134037
2 2 1081292147434158
74116 111994 1493371909130523
5 1 100
