500
4 3 1 2
999999999 999999999 3 999999998
1000000000 100 1 3
100 999999999 3 1
4 3 2 2
588175668 2 2 1
999999999 999999999 3 2
372315310 428364244 1 1
4 3 3 1
1000000000 527180352 2 1
100 3 1 2
100 999999999 3 3
100 4 3 2
4 100 3 56
3 2 1 1
999999999 1000000000 1 999999999
3 999999999 2 217585714
3 100 2 1
135818523 100 127108945 1
100 100 1 1
100 4 1 1
269564282 100 1 3
999999999 999999999 1 713021361
999999999 100 3 99
1000000000 100 999999999 3
4 4 1 1
999999999 999999999 3 361042743
3 332461468 2 3
100 999999999 1 2
4 625855660 3 1
999999999 999999999 2 3
999999999 1000000000 999999998 2
3 999999999 2 2
999999999 1000000000 1 3
4 1000000000 1 809590669
1000000000 1000000000 301408972 2
997867345 170075009 374134420 2
3 190048202 1 3
999999999 3 999999998 1
1000000000 4 3 1
1000000000 4 3 3
100 1000000000 1 2
515006471 3 3 2
564769898 999999999 3 3
3 3 2 1
992439437 2 2 1
4 867643142 2 2
4 1000000000 3 999999999
1000000000 4 1 1
100 4 99 1
1000000000 935367125 2 688653704
4 999999999 3 2
1000000000 1000000000 1 1
100 999999999 1 1
4 4 1 2
1000000000 1000000000 3 999999999
100 100 1 3
4 4 1 3
3 1000000000 2 3
126406469 999999999 3 3
100 3 99 1
100 1000000000 3 3
351511977 1000000000 3 1
1000000000 999999999 999999999 2
4 1000000000 1 2
3 49194494 2 1
2 100 1 3
100 999999999 2 999999998
100 100 1 2
100 461180180 3 3
100 1000000000 1 1
999999999 999999999 1 999999998
2 999999999 1 999999998
4 100 3 3
2 1000000000 1 3
1000000000 1000000000 245797795 1
100 916630865 1 2
1000000000 4 999999999 2
4 2 3 1
999999999 489345280 108542079 3
109588419 516866303 95880941 3
4 3 2 1
100 1000000000 3 1
100 3 98 2
1000000000 100 2 99
2 999999999 1 354427649
3 100 2 3
1000000000 100 2 3
2 3 1 1
474573491 100 2 2
452792670 1000000000 2 115192647
999999999 1000000000 999999998 999999999
2 1000000000 1 999999999
3 100 1 99
1000000000 1000000000 2 1
999999999 4 2 1
3 4 1 1
999999999 3 2 2
100 39439397 2 35075686
100 1000000000 99 2
999999999 999999999 2 2
163708539 999999999 3 3
999999999 1000000000 3 3
3 3 2 2
880984255 1000000000 1 3
1000000000 100 3 32
160776118 100 1 1
2 590064564 1 410727603
3 929445484 2 1
100 1000000000 99 999999999
4 999999999 3 999999998
100 100 2 1
999999999 100 2 3
3 999999999 2 999999998
3 387806766 2 3
999999999 1000000000 2 1
1000000000 760355100 2 1
3 4 2 1
1000000000 100 99694839 3
2 2 1 1
945684593 999999999 725490874 3
1000000000 1000000000 990110168 2
100 100 70 2
4 999999999 2 1
4 100 3 99
4 1000000000 2 2
999999999 1000000000 1 2
2 100 1 2
4 773392332 2 3
1000000000 100 2 1
999999999 999999999 999999998 3
2 100 1 99
803061495 4 3 3
4 999999999 1 3
1000000000 100 1 1
1000000000 2 999999999 1
999999999 1000000000 2 2
142421367 2 48241495 1
4 2 1 1
1000000000 2 3 1
100 999999999 3 607160337
245635459 1000000000 2 2
999999999 4 2 2
1000000000 100 450060632 3
999999999 4 627313199 3
999999999 1000000000 3 1
4 999999999 3 3
999999999 100 1 92
4 100 3 1
1000000000 100 3 2
100 1000000000 2 2
3 3 1 1
4 4 2 3
1000000000 100 2 27
100 1000000000 3 881233701
4 3 1 1
4 4 3 3
3 440178503 1 1
100 999999999 99 3
4 1000000000 2 999999999
4 999999999 2 999999998
999999999 3 3 1
1000000000 999999999 90055928 1
100 3 99 2
568263512 100 2 43
999999999 100 2 2
100 999999999 3 2
4 249842301 1 1
1000000000 1000000000 2 3
999999999 100 3 2
3 2 2 1
100 1000000000 1 3
3 1000000000 1 1
999999999 999999999 2 1
999999999 3 1 2
100 616551719 3 3
100 999999999 1 999999998
100 1000000000 1 999999999
1000000000 1000000000 2 2
1000000000 1000000000 3 165697225
100 3 2 2
100 492122489 3 2
4 100 3 2
4 1000000000 2 1
4 100 1 2
1000000000 1000000000 432922762 516684653
404696558 1000000000 344580310 355699065
3 100 1 2
100 999999999 83 1
1000000000 1000000000 3 3
513324740 2 1 1
100 1000000000 3 999999999
4 142306207 2 3
1000000000 3 999999999 1
999999999 1000000000 2 724564983
100 100 2 3
999999999 1000000000 488516079 1
207868204 1000000000 2 225202610
100 100 99 3
4 4 3 2
4 100 1 99
804684832 197217720 1 153175513
100 2 3 1
999999999 1000000000 38408940 1
999999999 4 3 2
100 4 99 2
999999999 2 999999998 1
2 251894516 1 3
1000000000 100 999999999 1
100 1000000000 99 1
4 100 1 3
699118378 100 371255050 53
1000000000 2 1 1
3 4 1 3
100 100 3 2
543383962 764857696 2 41522173
499812538 999999999 1 1
671771882 1000000000 458242975 1
100 999999999 57 187975571
4 100 2 91
1000000000 3 3 2
3 999999999 2 478452455
3 3 1 2
1000000000 748176992 2 3
977912389 734778827 532290378 1
999999999 999999999 1 1
100 100 3 3
999999999 100 2 99
3 402700402 2 1
100 100 2 99
100 1000000000 2 999999999
427727826 1000000000 3 1
3 4 2 3
19089712 3 3 1
270079655 4 13920983 1
3 999999999 2 3
632200338 3 1 2
1000000000 84082569 375561153 2
4 1000000000 3 3
3 637320062 1 460765579
100 4 84 3
999999999 4 90975763 3
1000000000 999999999 999999999 3
4 1000000000 3 1
1000000000 3 999999999 2
100 999999999 3 999999998
3 999999999 1 999999998
57695794 1000000000 17394064 1
4 100 2 2
1000000000 1000000000 3 2
999999999 100 999999998 1
1000000000 4 2 2
4 999999999 3 1
1000000000 100 3 3
1000000000 3 2 2
759115178 100 3 1
4 100 2 99
999999999 100 1 99
1000000000 4 999999999 3
900200350 242692999 164767257 3
501599341 999999999 2 3
3 1000000000 2 1
349725997 3 3 2
999999999 3 999999998 2
1000000000 100 75322340 3
402854259 831040336 3 3
100 4 3 3
2 999999999 1 3
3 1000000000 2 999999999
999999999 100 3 3
100 100 3 99
999999999 100 999999998 99
275678673 999999999 1 1
4 4 2 1
606735969 100 574575067 9
1000000000 1000000000 999999999 999999999
1000000000 889034323 2 585497466
100 2 2 1
713458743 999999999 1 232415301
2 100 1 1
999999999 999999999 999999998 1
1000000000 999999999 3 1
1000000000 4 998306795 2
3 999999999 1 1
4 100 1 40
1000000000 3 3 1
4 999999999 1 1
2 4 1 2
1000000000 3 1 2
586838884 999999999 2 2
100 4 1 3
1000000000 1000000000 711006329 2
2 270189690 1 1
779009402 100 3 3
100 1000000000 14 1
914040527 100 1 2
1000000000 999999999 2 1
999999999 100 999999998 3
100 100 99 99
1000000000 100 1 99
999999999 999999999 3 97982365
1000000000 999999999 999999999 999999998
1000000000 999999999 2 47219043
999999999 4 999999998 3
999999999 999999999 999999998 2
1000000000 100 3 62
3 999999999 1 2
999999999 4 1 2
2 999999999 1 1
999999999 2 1 1
4 100 2 71
999999999 999999999 2 999999998
3 1000000000 1 3
100 999999999 99 2
4 314723735 2 2
1000000000 2 592728920 1
100 100 3 1
999999999 4 2 3
587962907 2 570433024 1
100 2 99 1
1000000000 4 1 3
204388631 3 2 2
201238540 100 49757290 14
2 999999999 1 2
100 999999999 5 3
999999999 100 3 1
900930753 3 3 1
100 100 3 48
3 100 1 1
4 3 3 2
4 100 2 3
999999999 4 3 1
100 397986566 65 2
100 4 1 2
2 1000000000 1 1
4 911940777 2 39960172
999999999 1000000000 534911742 345724526
1000000000 4 1 2
4 100 1 1
999999999 999999999 470395372 2
3 100 2 2
216458893 858261817 2 730048733
100 999999999 1 913663288
1000000000 1000000000 999999999 2
4 292678792 1 2
999999999 153855548 3 2
999999999 999999999 3 1
1000000000 4 120887411 1
1000000000 999999999 3 3
100 999999999 2 3
2 4 1 3
999999999 1000000000 1 1
1000000000 999999999 2 3
4 999999999 2 2
100 999999999 2 2
3 100 2 99
4 2 2 1
100 100 99 1
100 1000000000 3 2
999999999 4 3 3
999999999 1000000000 2 3
100 999999999 99 999999998
999999999 2 3 1
1000000000 1000000000 3 1
3 1000000000 1 2
999999999 1000000000 3 999999999
820459816 1000000000 228363612 2
3 999999999 1 3
999999999 4 999999998 2
999999999 3 2 1
999999999 3 3 2
3 1000000000 1 999999999
3 4 1 2
999999999 4 1 3
2 611627491 1 2
999999999 1000000000 999999998 3
100 100 2 2
100 2 1 1
100 100 99 2
1000000000 445823784 2 2
4 100 2 31
3 525092475 2 3
100 2 9 1
3 348674172 2 208198940
407111787 999999999 158724311 2
365482087 971250614 97597 28576180
2 1000000000 1 2
1000000000 100 999999999 2
3 100 1 3
4 4 3 1
1000000000 1000000000 999999999 1
100 1000000000 2 1
1000000000 1000000000 999999999 3
999999999 3 132294377 2
3 999999999 2 1
1000000000 3 1 1
999999999 100 999999998 2
4 1000000000 2 3
999999999 1000000000 3 2
100 999999999 49 1
999999999 999999999 1 3
1000000000 999999999 1 2
1000000000 1000000000 1 2
4 100 2 1
4 1000000000 1 1
2 4 1 1
475576299 79599546 62711377 1
100 3 2 1
4 308024713 3 2
697757447 999999999 3 614333645
999999999 1000000000 999999998 1
3 750409238 1 2
1000000000 4 3 2
4 4 2 2
999999999 100 2 1
100 4 3 1
999999999 4 618409559 1
999999999 2 2 1
999999999 130079639 121158886 3
100 999999999 1 3
100 999999999 72 3
999999999 999999999 3 3
1000000000 1000000000 1 999999999
1000000000 3 2 1
100 3 3 1
2 3 1 2
1000000000 1000000000 1 4469475
999999999 100 2 11
990898699 2 1 1
1000000000 1000000000 1 3
1000000000 100 1 2
66434218 3 2 2
1000000000 999999999 2 2
569981406 4 2 2
100 3 1 1
999999999 999999999 1 2
999999999 388726895 726514352 2
999999999 3 1 1
100 999999999 2 1
999999999 4 999999998 1
1000000000 100 2 2
999999999 1000000000 3 233117279
1000000000 3 198570665 2
999999999 100 1 1
630783940 100 3 2
163592637 549432548 2 110629430
999999999 100 1 3
4 999999999 1 2
704993648 595827515 1 3
999999999 100 1 2
377173489 999999999 3 1
621335426 20082604 2 3
100 4 99 3
999999999 1000000000 2 999999999
1000000000 2 2 1
4 999999999 1 999999998
100 1000000000 99 3
1000000000 4 999999999 1
1000000000 999999999 1 999999998
400638252 4 3 2
999999999 919338507 247646166 1
1000000000 999999999 3 2
100 999999999 43 2
4 1000000000 1 999999999
999999999 4 1 1
1000000000 4 2 3
998645846 2 2 1
406955220 100 2 1
2 43534587 1 1
100 4 2 1
4 198068727 2 2
4 1000000000 1 3
1000000000 100 968047634 19
1000000000 999999999 3 999999998
3 565428755 1 2
1000000000 999999999 1 1
1000000000 723284552 647366837 1
3 4 2 2
100 4 2 2
4 1000000000 3 2
3 1000000000 2 2
1000000000 1000000000 2 999999999
999999999 234259462 1 104118482
241065083 1000000000 1 1
100 4 2 3
1000000000 999999999 999999999 1
843094006 3 3 1
1000000000 999999999 1 3
4 999999999 2 3
1000000000 999999999 2 999999998
100 100 1 99
100 3 3 2
999999999 999999999 999999998 999999998
1000000000 100 3 1
100 999999999 99 1
1000000000 4 2 1
100 1000000000 2 3
189832940 1000000000 2 3
1000000000 100 3 99
1000000000 100 999999999 99
